1111111111111111111111111111
1222222222222112222222222221
1211112111112112111112111121
1311112111112112111112111131
1211112111112112111112111121
1222222222222222222222222221
1211112112111111112112111121
1211112112111111112112111121
1222222112222112222112222221
1111112111112112111112111111
1111112111112112111112111111
1111112112222222222112111111
1111112112111441112112111111
1111112112144444412112111111
0000002222144444412222000000
1111112112144444412112111111
1111112112111111112112111111
1111112112222222222112111111
1111112112111111112112111111
1111112112111111112112111111
1222222222222112222222222221
1211112111112112111112111121
1211112111112112111112111121
1322112222222222222222112231
1112112112111111112112112111
1112112112111111112112112111
1222222112222112222112222221
1211111111112112111111111121
1211111111112112111111111121
1222222222222222222222222221
1111111111111111111111111111